Step,Molecular_DeepEnsemble_Fluorescence_Oscillator_Strength_vbll_20250511_205913 - best_value,Molecular_Laplace_BO_Fluorescence_Oscillator_Strength_20250511_180255 - best_value,BLOB_EnsembleMolecular_BLOB_Fluorescence_Oscillator_Strength_20250510_150000 - best_value,Molecular_VBLL_Fluorescence_Oscillator_Strength_dense_precision_multirank_20250510_144157 - best_value,Molecular_BLOB_Fluorescence_Oscillator_Strength_dense_precision_multirank_20250509_161822 - best_value,Molecular_Laplace_BO_Fluorescence_Oscillator_Strength_20250510_150511 - best_value,Molecular_Laplace_BO_Fluorescence_Oscillator_Strength_20250509_153216 - best_value,Molecular_BLOB_Fluorescence_Oscillator_Strength_dense_precision_multirank_20250508_191313 - best_value,ibnn-Fluorescence_Oscillator_Strength - best_value,dkl-Fluorescence_Oscillator_Strength - best_value,gp-Fluorescence_Oscillator_Strength - best_value,Molecular_DeepEnsemble_Fluorescence_Oscillator_Strength_vbll_20250513_083430 - best_value,ibnn-Fluorescence_Oscillator_Strength - best_value,dkl-Fluorescence_Oscillator_Strength - best_value,gp-Fluorescence_Oscillator_Strength - best_value,ibnn-Fluorescence_Oscillator_Strength - best_value,dkl-Fluorescence_Oscillator_Strength - best_value,gp-Fluorescence_Oscillator_Strength - best_value,Fluorescence_Oscillator_Strength_mlp_20250513_164104 - best_value,Fluorescence_Oscillator_Strength_mlp_20250513_163615 - best_value,Molecular_VBLL_Fluorescence_Oscillator_Strength_dense_precision_multirank_20250512_234400 - best_value
0,-0.67025843,-0.030499053,-0.182486423,-0.08258005,-0.737913581,-0.014840543,-1.763827553,-1.171298977,-1.396924337,-1.396924337,-1.396924337,-2.576275157,-1.396924337,-1.396924337,-1.396924337,-1.396924337,-1.396924337,-1.396924337,-0.059072473,-2.576275157,-0.019300344
1,-2.547118305,-0.17635317,,-0.08258005,-2.643354126,-0.056611338,-1.763827553,-1.171298977,-1.396924337,-1.396924337,-1.396924337,-2.774342458,-1.396924337,-1.396924337,-1.396924337,-1.396924337,-1.396924337,-1.396924337,-0.246608971,-2.576275157,-3.249770423
2,-2.547118305,-0.17635317,-0.182486423,-0.08258005,-2.643354126,-0.069525178,-1.763827553,-1.171298977,-1.396924337,-1.396924337,-1.396924337,-2.774342458,-1.396924337,-1.396924337,-1.396924337,-1.396924337,-1.396924337,-1.396924337,-0.246608971,-2.576275157,-3.319110924
3,-2.547118305,-1.044520022,,-0.08258005,-2.643354126,-0.343914101,-1.763827553,-2.762399549,-1.591561337,-2.006870797,-1.396924337,-2.774342458,-1.591561337,-2.006870797,-1.396924337,-1.591561337,-2.006870797,-1.396924337,-0.246608971,-2.819379209,-4.017986295
4,-2.547118305,-1.044520022,-0.182486423,-0.08258005,-2.643354126,-0.765490351,-1.763827553,-2.762399549,-1.591561337,-2.006870797,-1.928198272,-2.774342458,-1.591561337,-2.006870797,-1.928198272,-1.591561337,-2.006870797,-1.928198272,-0.246608971,-2.819379209,-4.017986295
5,-2.547118305,-1.044520022,-0.182486423,-2.939969402,-2.643354126,-0.765490351,-1.763827553,-2.762399549,-1.591561337,-2.006870797,-1.928198272,-2.774342458,-1.591561337,-2.006870797,-1.928198272,-1.591561337,-2.006870797,-1.928198272,-0.920857117,-2.819379209,-4.017986295
6,-2.547118305,-1.773396411,-0.182486423,-2.939969402,-2.643354126,-0.765490351,-1.763827553,-2.762399549,-1.591561337,-2.006870797,-1.928198272,-2.774342458,-1.591561337,-2.006870797,-1.928198272,-1.591561337,-2.006870797,-1.928198272,-0.920857117,-2.819379209,-4.017986295
7,-2.547118305,-1.773396411,-0.182486423,-2.939969402,-2.643354126,-0.765490351,-1.763827553,-2.762399549,-1.591561337,-2.006870797,-1.928198272,-3.067614655,-1.591561337,-2.006870797,-1.928198272,-1.591561337,-2.006870797,-1.928198272,-0.920857117,-2.819379209,-4.017986295
8,-2.547118305,-1.773396411,-0.182486423,-2.939969402,-2.643354126,-0.765490351,-1.763827553,-2.762399549,-1.591561337,-2.006870797,-3.027667701,-3.067614655,-1.591561337,-2.006870797,-3.027667701,-1.591561337,-2.006870797,-3.027667701,-0.920857117,-2.856248061,-4.017986295
9,-2.547118305,-1.773396411,-0.182486423,-2.939969402,-2.643354126,-0.765490351,-1.763827553,-2.762399549,-1.591561337,-2.006870797,-3.027667701,-3.067614655,-1.591561337,-2.006870797,-3.027667701,-1.591561337,-2.006870797,-3.027667701,-0.920857117,-2.856248061,-4.017986295
10,-2.593916836,-1.773396411,-0.182486423,-2.939969402,-3.009952967,-1.732182978,-1.763827553,-2.762399549,-1.591561337,-2.006870797,-3.027667701,-3.067614655,-1.591561337,-2.006870797,-3.027667701,-1.591561337,-2.006870797,-3.027667701,-0.920857117,-2.856248061,-4.017986295
11,-2.593916836,-1.773396411,-0.182486423,-2.939969402,-3.009952967,-1.732182978,-1.763827553,-2.762399549,-1.591561337,-2.006870797,-3.027667701,-3.067614655,-1.591561337,-2.006870797,-3.027667701,-1.591561337,-2.006870797,-3.027667701,-0.920857117,-2.856248061,-4.017986295
12,-2.593916836,-1.773396411,-0.182486423,-2.939969402,-3.009952967,-1.732182978,-1.763827553,-2.828841562,-1.591561337,-2.006870797,-3.027667701,-3.067614655,-1.591561337,-2.006870797,-3.027667701,-1.591561337,-2.006870797,-3.027667701,-0.920857117,-2.856248061,-4.017986295
13,-2.996150326,-2.282729513,-0.182486423,-2.939969402,-3.009952967,-1.732182978,-1.763827553,-2.828841562,-1.591561337,-2.006870797,-3.027667701,-3.067614655,-1.591561337,-2.006870797,-3.027667701,-1.591561337,-2.006870797,-3.027667701,-0.920857117,-2.856248061,-4.017986295
14,-3.309094763,-2.282729513,-0.182486423,-2.939969402,-3.009952967,-1.732182978,-1.763827553,-3.136588344,-1.591561337,-2.006870797,-3.027667701,-3.067614655,-1.591561337,-2.006870797,-3.027667701,-1.591561337,-2.006870797,-3.027667701,-0.920857117,-2.856248061,-4.017986295
15,-3.309094763,-2.282729513,-0.182486423,-2.939969402,-3.009952967,-1.732182978,-1.763827553,-3.136588344,-1.591561337,-2.006870797,-3.027667701,-3.067614655,-1.591561337,-2.006870797,-3.027667701,-1.591561337,-2.006870797,-3.027667701,-0.920857117,-3.756197898,-4.017986295
16,-3.309094763,-2.282729513,-0.182486423,-2.939969402,-3.009952967,-1.732182978,-1.763827553,-3.136588344,-1.591561337,-2.006870797,-3.027667701,-3.067614655,-1.591561337,-2.006870797,-3.027667701,-1.591561337,-2.006870797,-3.027667701,-0.920857117,-3.756197898,-4.017986295
17,-3.309094763,-2.282729513,-0.182486423,-2.939969402,-3.009952967,-1.732182978,-1.763827553,-3.136588344,-1.591561337,-2.006870797,-3.027667701,-3.067614655,-1.591561337,-2.006870797,-3.027667701,-1.591561337,-2.006870797,-3.027667701,-0.920857117,-3.756197898,-4.017986295
18,-3.309094763,-2.282729513,-0.182486423,-2.939969402,-3.009952967,-1.732182978,-1.763827553,-3.136588344,-1.591561337,-2.006870797,-3.027667701,-3.067614655,-1.591561337,-2.006870797,-3.027667701,-1.591561337,-2.006870797,-3.027667701,-0.929585628,-3.756197898,-4.017986295
19,-3.309094763,-2.282729513,-0.182486423,-2.939969402,-3.009952967,-1.732182978,-1.763827553,-3.136588344,-1.591561337,-2.006870797,-3.360618324,-3.067614655,-1.591561337,-2.006870797,-3.360618324,-1.591561337,-2.006870797,-3.360618324,-0.929585628,-3.756197898,-4.017986295
20,-3.309094763,-2.282729513,-0.182486423,-2.939969402,-3.009952967,-1.732182978,-1.763827553,-3.136588344,-1.591561337,-2.006870797,-3.360618324,-3.067614655,-1.591561337,-2.006870797,-3.360618324,-1.591561337,-2.006870797,-3.360618324,-0.929585628,-3.756197898,-4.017986295
21,-3.309094763,-2.282729513,-2.753679535,-2.939969402,-3.009952967,-1.732182978,-1.763827553,-3.136588344,-1.591561337,-2.006870797,-3.360618324,-3.067614655,-1.591561337,-2.006870797,-3.360618324,-1.591561337,-2.006870797,-3.360618324,-0.929585628,-3.756197898,-4.017986295
22,-3.309094763,-2.282729513,-2.753679535,-2.939969402,-3.009952967,-1.732182978,-1.763827553,-3.136588344,-1.591561337,-2.006870797,-3.360618324,-3.067614655,-1.591561337,-2.006870797,-3.360618324,-1.591561337,-2.006870797,-3.360618324,-0.929585628,-3.756197898,-4.017986295
23,-3.309094763,-2.282729513,-2.753679535,-2.939969402,-3.009952967,-1.732182978,-1.763827553,-3.136588344,-1.591561337,-2.006870797,-3.360618324,-3.067614655,-1.591561337,-2.006870797,-3.360618324,-1.591561337,-2.006870797,-3.360618324,-3.082579144,-3.756197898,-4.017986295
24,-3.309094763,-2.282729513,-2.753679535,-2.939969402,-3.009952967,-1.732182978,-1.763827553,-3.136588344,-1.591561337,-2.592014611,-3.360618324,-3.067614655,-1.591561337,-2.592014611,-3.360618324,-1.591561337,-2.592014611,-3.360618324,-3.082579144,-3.756197898,-4.017986295
25,-3.309094763,-2.282729513,-2.753679535,-2.939969402,-3.009952967,-1.732182978,-1.763827553,-3.136588344,-1.591561337,-2.592014611,-3.360618324,-3.067614655,-1.591561337,-2.592014611,-3.360618324,-1.591561337,-2.592014611,-3.360618324,-3.082579144,-3.756197898,-4.017986295
26,-3.309094763,-2.282729513,-2.753679535,-2.939969402,-3.009952967,-1.732182978,-1.763827553,-3.136588344,-1.591561337,-2.592014611,-3.360618324,-3.067614655,-1.591561337,-2.592014611,-3.360618324,-1.591561337,-2.592014611,-3.360618324,-3.082579144,-3.756197898,-4.017986295
27,-3.309094763,-2.282729513,-2.753679535,-2.939969402,-3.009952967,-1.732182978,-1.763827553,-3.136588344,-1.591561337,-2.592014611,-3.360618324,-3.067614655,-1.591561337,-2.592014611,-3.360618324,-1.591561337,-2.592014611,-3.360618324,-3.082579144,-3.756197898,-4.017986295
28,-3.309094763,-2.282729513,-2.753679535,-2.939969402,-3.009952967,-1.732182978,-1.763827553,-3.136588344,-1.591561337,-2.592014611,-3.360618324,-3.067614655,-1.591561337,-2.592014611,-3.360618324,-1.591561337,-2.592014611,-3.360618324,-3.082579144,-3.756197898,-4.017986295
29,-3.309094763,-2.282729513,-2.753679535,-2.939969402,-3.009952967,-1.732182978,-1.763827553,-3.136588344,-1.591561337,-2.592014611,-3.360618324,-3.067614655,-1.591561337,-2.592014611,-3.360618324,-1.591561337,-2.592014611,-3.360618324,-3.082579144,-3.756197898,-4.017986295
30,-3.309094763,-2.282729513,-2.753679535,-2.939969402,-3.009952967,-2.224651596,-1.763827553,-3.136588344,-1.591561337,-2.592014611,-3.360618324,-3.067614655,-1.591561337,-2.592014611,-3.360618324,-1.591561337,-2.592014611,-3.360618324,-3.082579144,-3.756197898,-4.017986295
31,-3.309094763,-2.282729513,-2.753679535,-2.939969402,-3.009952967,-2.224651596,-1.763827553,-3.136588344,-1.591561337,-2.592014611,-3.360618324,-3.067614655,-1.591561337,-2.592014611,-3.360618324,-1.591561337,-2.592014611,-3.360618324,-3.082579144,-3.756197898,-4.017986295
32,-3.309094763,-2.282729513,-2.753679535,-2.939969402,-3.009952967,-2.224651596,-1.763827553,-3.136588344,-1.591561337,-2.592014611,-3.360618324,-3.067614655,-1.591561337,-2.592014611,-3.360618324,-1.591561337,-2.592014611,-3.360618324,-3.082579144,-3.756197898,-4.017986295
33,-3.309094763,-2.282729513,-2.753679535,-2.939969402,-3.009952967,-2.224651596,-1.763827553,-3.136588344,-1.591561337,-2.592014611,-3.360618324,-3.067614655,-1.591561337,-2.592014611,-3.360618324,-1.591561337,-2.592014611,-3.360618324,-3.082579144,-3.756197898,-4.017986295
34,-3.309094763,-2.282729513,-2.753679535,-2.939969402,-3.090082915,-2.224651596,-1.763827553,-3.136588344,-2.062798965,-2.592014611,-3.360618324,-3.067614655,-2.062798965,-2.592014611,-3.360618324,-2.062798965,-2.592014611,-3.360618324,-3.082579144,-3.756197898,-4.017986295
35,-3.348348233,-2.282729513,-2.753679535,-2.939969402,-3.090082915,-2.224651596,-1.763827553,-3.860707275,-2.062798965,-2.592014611,-3.360618324,-3.067614655,-2.062798965,-2.592014611,-3.360618324,-2.062798965,-2.592014611,-3.360618324,-3.082579144,-3.756197898,-4.017986295
36,-3.348348233,-2.282729513,-2.753679535,-2.939969402,-3.090082915,-2.224651596,-1.763827553,-3.860707275,-2.062798965,-2.592014611,-3.360618324,-3.067614655,-2.062798965,-2.592014611,-3.360618324,-2.062798965,-2.592014611,-3.360618324,-3.082579144,-3.756197898,-4.017986295
37,-3.348348233,-2.282729513,-2.753679535,-2.939969402,-3.090082915,-2.224651596,-1.763827553,-3.860707275,-2.062798965,-2.592014611,-3.360618324,-3.067614655,-2.062798965,-2.592014611,-3.360618324,-2.062798965,-2.592014611,-3.360618324,-3.082579144,-3.756197898,-4.017986295
38,-3.348348233,-2.282729513,-2.753679535,-2.939969402,-3.090082915,-2.224651596,-1.763827553,-3.860707275,-2.062798965,-2.592014611,-3.360618324,-3.067614655,-2.062798965,-2.592014611,-3.360618324,-2.062798965,-2.592014611,-3.360618324,-3.082579144,-3.756197898,-4.017986295
39,-3.348348233,-2.282729513,-2.753679535,-2.939969402,-3.090082915,-2.224651596,-1.763827553,-3.860707275,-2.062798965,-2.592014611,-3.360618324,-3.067614655,-2.062798965,-2.592014611,-3.360618324,-2.062798965,-2.592014611,-3.360618324,-3.082579144,-3.756197898,-4.017986295
40,-3.348348233,-2.282729513,-2.753679535,-2.939969402,-3.090082915,-2.224651596,-1.763827553,-3.860707275,-2.062798965,-2.592014611,-3.360618324,-3.067614655,-2.062798965,-2.592014611,-3.360618324,-2.062798965,-2.592014611,-3.360618324,-3.082579144,-3.756197898,-4.017986295
41,-3.348348233,-2.282729513,-2.753679535,-2.939969402,-3.090082915,-2.224651596,-1.763827553,-3.860707275,-2.062798965,-2.592014611,-3.360618324,-3.067614655,-2.062798965,-2.592014611,-3.360618324,-2.062798965,-2.592014611,-3.360618324,-3.082579144,-3.756197898,-4.017986295
42,-3.348348233,-2.282729513,-2.753679535,-2.939969402,-3.090082915,-2.224651596,-1.763827553,-3.860707275,-2.062798965,-2.592014611,-3.360618324,-3.067614655,-2.062798965,-2.592014611,-3.360618324,-2.062798965,-2.592014611,-3.360618324,-3.082579144,-3.756197898,-4.017986295
43,-3.348348233,-2.282729513,-2.753679535,-2.939969402,-3.090082915,-2.224651596,-1.763827553,-3.860707275,-2.062798965,-2.592014611,-3.360618324,-3.067614655,-2.062798965,-2.592014611,-3.360618324,-2.062798965,-2.592014611,-3.360618324,-3.082579144,-3.756197898,-4.017986295
44,-3.348348233,-2.282729513,-2.753679535,-2.939969402,-3.090082915,-2.224651596,-1.763827553,-3.860707275,-2.062798965,-2.592014611,-3.360618324,-3.067614655,-2.062798965,-2.592014611,-3.360618324,-2.062798965,-2.592014611,-3.360618324,-3.082579144,-3.756197898,-4.017986295
45,-3.348348233,-2.282729513,-2.753679535,-2.939969402,-3.090082915,-2.224651596,-1.763827553,-3.860707275,-2.062798965,-2.592014611,-3.360618324,-3.067614655,-2.062798965,-2.592014611,-3.360618324,-2.062798965,-2.592014611,-3.360618324,-3.082579144,-3.756197898,-4.017986295
46,-3.348348233,-2.282729513,-2.753679535,-2.939969402,-3.090082915,-2.224651596,-1.763827553,-3.860707275,-2.062798965,-2.828841562,-3.360618324,-3.067614655,-2.062798965,-2.828841562,-3.360618324,-2.062798965,-2.828841562,-3.360618324,-3.082579144,-3.756197898,-4.017986295
47,-3.348348233,-2.282729513,-2.753679535,-2.939969402,-3.090082915,-2.224651596,-1.763827553,-3.860707275,-2.062798965,-2.828841562,-3.360618324,-3.067614655,-2.062798965,-2.828841562,-3.360618324,-2.062798965,-2.828841562,-3.360618324,-3.082579144,-3.756197898,-4.017986295
48,-3.348348233,-2.282729513,-2.753679535,-2.939969402,-3.090082915,-2.224651596,-1.763827553,-3.860707275,-2.062798965,-2.828841562,-3.360618324,-3.067614655,-2.062798965,-2.828841562,-3.360618324,-2.062798965,-2.828841562,-3.360618324,-3.082579144,-3.756197898,-4.017986295
49,-3.348348233,-2.282729513,-2.753679535,-2.939969402,-3.090082915,-2.576275157,-1.763827553,-3.860707275,-2.062798965,-2.828841562,-3.360618324,-3.067614655,-2.062798965,-2.828841562,-3.360618324,-2.062798965,-2.828841562,-3.360618324,-3.082579144,-3.756197898,-4.017986295
50,-3.348348233,-2.282729513,-2.753679535,-2.939969402,-3.090082915,-2.576275157,-1.763827553,-3.860707275,-2.062798965,-2.828841562,-3.360618324,-3.067614655,-2.062798965,-2.828841562,-3.360618324,-2.062798965,-2.828841562,-3.360618324,-3.082579144,-3.756197898,-4.017986295
51,-3.348348233,-2.282729513,-2.753679535,-2.939969402,-3.090082915,-2.576275157,-1.968707314,-3.860707275,-2.062798965,-2.828841562,-3.360618324,-3.067614655,-2.062798965,-2.828841562,-3.360618324,-2.062798965,-2.828841562,-3.360618324,-3.082579144,-3.756197898,-4.017986295
52,-3.348348233,-2.282729513,-2.753679535,-2.939969402,-3.090082915,-2.576275157,-1.968707314,-3.860707275,-2.062798965,-2.828841562,-3.360618324,-3.067614655,-2.062798965,-2.828841562,-3.360618324,-2.062798965,-2.828841562,-3.360618324,-3.082579144,-3.756197898,-4.017986295
53,-3.348348233,-2.282729513,-2.753679535,-2.939969402,-3.090082915,-2.576275157,-2.856248061,-3.860707275,-2.062798965,-2.828841562,-3.360618324,-3.067614655,-2.062798965,-2.828841562,-3.360618324,-2.062798965,-2.828841562,-3.360618324,-3.082579144,-3.756197898,-4.017986295
54,-3.348348233,-2.282729513,-2.753679535,-2.939969402,-3.090082915,-2.576275157,-2.856248061,-3.860707275,-2.062798965,-2.828841562,-3.360618324,-3.067614655,-2.062798965,-2.828841562,-3.360618324,-2.062798965,-2.828841562,-3.360618324,-3.082579144,-3.756197898,-4.017986295
55,-3.348348233,-2.282729513,-2.753679535,-2.939969402,-3.090082915,-2.576275157,-2.856248061,-3.860707275,-2.062798965,-2.828841562,-3.360618324,-3.067614655,-2.062798965,-2.828841562,-3.360618324,-2.062798965,-2.828841562,-3.360618324,-3.082579144,-3.756197898,-4.017986295
56,-3.348348233,-2.282729513,-2.753679535,-2.939969402,-3.090082915,-2.576275157,-2.856248061,-3.860707275,-2.062798965,-2.828841562,-3.360618324,-3.067614655,-2.062798965,-2.828841562,-3.360618324,-2.062798965,-2.828841562,-3.360618324,-3.082579144,-3.756197898,-4.017986295
57,-3.348348233,-2.282729513,-2.753679535,-2.939969402,-3.090082915,-2.576275157,-2.856248061,-3.860707275,-2.062798965,-2.828841562,-3.360618324,-3.067614655,-2.062798965,-2.828841562,-3.360618324,-2.062798965,-2.828841562,-3.360618324,-3.082579144,-3.756197898,-4.017986295
58,-3.519556459,-2.282729513,-2.753679535,-3.004210927,-3.090082915,-2.576275157,-2.856248061,-3.860707275,-2.062798965,-2.828841562,-3.458286537,-3.067614655,-2.062798965,-2.828841562,-3.458286537,-2.062798965,-2.828841562,-3.458286537,-3.082579144,-3.756197898,-4.017986295
59,-3.519556459,-2.425931919,-2.753679535,-3.004210927,-3.090082915,-2.576275157,-2.856248061,-3.860707275,-2.062798965,-2.828841562,-3.458286537,-3.067614655,-2.062798965,-2.828841562,-3.458286537,-2.062798965,-2.828841562,-3.458286537,-3.082579144,-3.756197898,-4.017986295
60,-3.519556459,-2.425931919,-2.753679535,-3.004210927,-3.090082915,-2.576275157,-2.856248061,-3.860707275,-2.062798965,-2.828841562,-3.458286537,-3.067614655,-2.062798965,-2.828841562,-3.458286537,-2.062798965,-2.828841562,-3.458286537,-3.082579144,-3.756197898,-4.017986295
61,-3.519556459,-2.425931919,-2.753679535,-3.004210927,-3.090082915,-2.576275157,-2.856248061,-3.860707275,-2.062798965,-2.828841562,-3.458286537,-3.067614655,-2.062798965,-2.828841562,-3.458286537,-2.062798965,-2.828841562,-3.458286537,-3.082579144,-3.756197898,-4.017986295
62,-3.519556459,-2.425931919,-2.753679535,-3.004210927,-3.090082915,-2.576275157,-2.856248061,-3.860707275,-2.421823596,-2.828841562,-3.458286537,-3.067614655,-2.421823596,-2.828841562,-3.458286537,-2.421823596,-2.828841562,-3.458286537,-3.082579144,-3.756197898,-4.017986295
63,-3.519556459,-2.425931919,-2.753679535,-3.004210927,-3.090082915,-2.576275157,-2.856248061,-3.860707275,-2.421823596,-2.828841562,-3.458286537,-3.067614655,-2.421823596,-2.828841562,-3.458286537,-2.421823596,-2.828841562,-3.458286537,-3.082579144,-3.756197898,-4.017986295
64,-3.519556459,-2.425931919,-2.753679535,-3.004210927,-3.090082915,-2.576275157,-2.856248061,-3.860707275,-2.421823596,-2.828841562,-3.458286537,-3.067614655,-2.421823596,-2.828841562,-3.458286537,-2.421823596,-2.828841562,-3.458286537,-3.082579144,-3.756197898,-4.017986295
65,-3.519556459,-2.425931919,-2.753679535,-3.004210927,-3.090082915,-2.576275157,-2.856248061,-3.860707275,-2.421823596,-2.828841562,-3.458286537,-3.067614655,-2.421823596,-2.828841562,-3.458286537,-2.421823596,-2.828841562,-3.458286537,-3.082579144,-3.756197898,-4.017986295
66,-3.519556459,-2.425931919,-2.753679535,-3.004210927,-3.090082915,-2.576275157,-2.856248061,-3.860707275,-2.421823596,-2.828841562,-3.458286537,-3.067614655,-2.421823596,-2.828841562,-3.458286537,-2.421823596,-2.828841562,-3.458286537,-3.082579144,-3.756197898,-4.017986295
67,-3.519556459,-2.425931919,-2.753679535,-3.004210927,-3.090082915,-2.576275157,-2.856248061,-3.860707275,-2.421823596,-2.828841562,-3.458286537,-3.067614655,-2.421823596,-2.828841562,-3.458286537,-2.421823596,-2.828841562,-3.458286537,-3.082579144,-3.756197898,-4.017986295
68,-3.519556459,-2.425931919,-2.753679535,-3.004210927,-3.090082915,-2.576275157,-2.856248061,-3.860707275,-2.421823596,-2.828841562,-3.458286537,-3.067614655,-2.421823596,-2.828841562,-3.458286537,-2.421823596,-2.828841562,-3.458286537,-3.082579144,-3.756197898,-4.017986295
69,-3.519556459,-2.425931919,-2.753679535,-3.004210927,-3.090082915,-2.576275157,-2.856248061,-3.860707275,-2.421823596,-2.828841562,-3.458286537,-3.067614655,-2.421823596,-2.828841562,-3.458286537,-2.421823596,-2.828841562,-3.458286537,-3.082579144,-3.756197898,-4.017986295
70,-3.519556459,-2.425931919,-2.753679535,-3.004210927,-3.090082915,-2.576275157,-2.856248061,-3.860707275,-2.421823596,-2.828841562,-3.458286537,-3.067614655,-2.421823596,-2.828841562,-3.458286537,-2.421823596,-2.828841562,-3.458286537,-3.082579144,-3.756197898,-4.017986295
71,-3.519556459,-2.425931919,-2.753679535,-3.004210927,-3.090082915,-2.576275157,-2.856248061,-3.860707275,-2.421823596,-2.828841562,-3.458286537,-3.382800168,-2.421823596,-2.828841562,-3.458286537,-2.421823596,-2.828841562,-3.458286537,-3.082579144,-3.756197898,-4.017986295
72,-3.519556459,-2.425931919,-2.753679535,-3.004210927,-3.090082915,-2.576275157,-2.856248061,-3.860707275,-2.421823596,-2.828841562,-3.458286537,-3.382800168,-2.421823596,-2.828841562,-3.458286537,-2.421823596,-2.828841562,-3.458286537,-3.082579144,-3.756197898,-4.017986295
73,-3.519556459,-2.425931919,-2.753679535,-3.004210927,-3.090082915,-2.698786423,-2.856248061,-3.860707275,-2.421823596,-2.828841562,-3.458286537,-3.382800168,-2.421823596,-2.828841562,-3.458286537,-2.421823596,-2.828841562,-3.458286537,-3.082579144,-3.756197898,-4.017986295
74,-3.519556459,-2.425931919,-2.753679535,-4.017986295,-3.090082915,-2.698786423,-2.856248061,-3.860707275,-2.421823596,-2.828841562,-3.458286537,-3.382800168,-2.421823596,-2.828841562,-3.458286537,-2.421823596,-2.828841562,-3.458286537,-3.082579144,-3.756197898,-4.017986295
75,-3.519556459,-2.425931919,-2.753679535,-4.017986295,-3.090082915,-2.698786423,-2.856248061,-3.860707275,-2.421823596,-2.828841562,-3.458286537,-3.382800168,-2.421823596,-2.828841562,-3.458286537,-2.421823596,-2.828841562,-3.458286537,-3.082579144,-3.756197898,-4.017986295
76,-3.519556459,-2.425931919,-2.753679535,-4.017986295,-3.090082915,-2.698786423,-2.856248061,-3.860707275,-2.421823596,-2.828841562,-3.458286537,-3.382800168,-2.421823596,-2.828841562,-3.458286537,-2.421823596,-2.828841562,-3.458286537,-3.082579144,-3.756197898,-4.017986295
77,-3.519556459,-2.425931919,-2.753679535,-4.017986295,-3.090082915,-2.698786423,-2.856248061,-3.860707275,-3.004210927,-2.828841562,-3.458286537,-3.382800168,-3.004210927,-2.828841562,-3.458286537,-3.004210927,-2.828841562,-3.458286537,-3.360618324,-3.756197898,-4.017986295
78,-3.519556459,-2.425931919,-2.753679535,-4.017986295,-3.090082915,-2.698786423,-2.856248061,-3.860707275,-3.004210927,-2.828841562,-3.458286537,-3.382800168,-3.004210927,-2.828841562,-3.458286537,-3.004210927,-2.828841562,-3.458286537,-3.360618324,-3.756197898,-4.017986295
79,-3.519556459,-2.425931919,-2.753679535,-4.017986295,-3.090082915,-2.698786423,-2.856248061,-3.860707275,-3.004210927,-2.828841562,-3.458286537,-3.382800168,-3.004210927,-2.828841562,-3.458286537,-3.004210927,-2.828841562,-3.458286537,-3.360618324,-3.756197898,-4.017986295
80,-3.519556459,-2.425931919,-2.753679535,-4.017986295,-3.090082915,-2.698786423,-2.856248061,-3.860707275,-3.004210927,-2.828841562,-3.458286537,-3.382800168,-3.004210927,-2.828841562,-3.458286537,-3.004210927,-2.828841562,-3.458286537,-3.360618324,-3.756197898,-4.017986295
81,-3.519556459,-2.425931919,-2.753679535,-4.017986295,-3.090082915,-2.698786423,-2.856248061,-3.860707275,-3.004210927,-2.828841562,-3.458286537,-3.382800168,-3.004210927,-2.828841562,-3.458286537,-3.004210927,-2.828841562,-3.458286537,-3.360618324,-3.756197898,-4.017986295
82,-3.519556459,-2.425931919,-2.753679535,-4.017986295,-3.090082915,-2.698786423,-2.856248061,-3.860707275,-3.004210927,-2.828841562,-3.458286537,-3.382800168,-3.004210927,-2.828841562,-3.458286537,-3.004210927,-2.828841562,-3.458286537,-3.360618324,-3.756197898,-4.017986295
83,-3.519556459,-2.425931919,-2.753679535,-4.017986295,-3.090082915,-2.698786423,-2.856248061,-3.860707275,-3.004210927,-2.828841562,-3.458286537,-3.382800168,-3.004210927,-2.828841562,-3.458286537,-3.004210927,-2.828841562,-3.458286537,-3.360618324,-3.756197898,-4.017986295
84,-3.519556459,-2.425931919,-2.753679535,-4.017986295,-3.090082915,-2.698786423,-2.856248061,-3.860707275,-3.004210927,-2.828841562,-3.458286537,-3.382800168,-3.004210927,-2.828841562,-3.458286537,-3.004210927,-2.828841562,-3.458286537,-3.360618324,-3.756197898,-4.017986295
85,-3.519556459,-2.425931919,-2.753679535,-4.017986295,-3.090082915,-2.698786423,-2.856248061,-3.860707275,-3.004210927,-2.828841562,-3.458286537,-3.382800168,-3.004210927,-2.828841562,-3.458286537,-3.004210927,-2.828841562,-3.458286537,-3.360618324,-3.756197898,-4.017986295
86,-3.519556459,-2.425931919,-2.753679535,-4.017986295,-3.090082915,-2.698786423,-2.856248061,-3.860707275,-3.004210927,-2.828841562,-3.458286537,-3.382800168,-3.004210927,-2.828841562,-3.458286537,-3.004210927,-2.828841562,-3.458286537,-3.360618324,-3.756197898,-4.017986295
87,-3.519556459,-2.425931919,-2.753679535,-4.017986295,-3.090082915,-2.698786423,-2.856248061,-3.860707275,-3.004210927,-2.828841562,-3.458286537,-3.382800168,-3.004210927,-2.828841562,-3.458286537,-3.004210927,-2.828841562,-3.458286537,-3.360618324,-3.756197898,-4.017986295
88,-3.519556459,-2.425931919,-2.753679535,-4.017986295,-3.090082915,-2.698786423,-2.856248061,-3.860707275,-3.004210927,-2.828841562,-3.458286537,-3.382800168,-3.004210927,-2.828841562,-3.458286537,-3.004210927,-2.828841562,-3.458286537,-3.360618324,-3.756197898,-4.017986295
89,-3.519556459,-2.425931919,-2.753679535,-4.017986295,-3.090082915,-2.698786423,-2.856248061,-3.860707275,-3.004210927,-2.828841562,-3.458286537,-3.382800168,-3.004210927,-2.828841562,-3.458286537,-3.004210927,-2.828841562,-3.458286537,-3.360618324,-3.756197898,-4.017986295
90,-3.756197898,-2.425931919,-2.753679535,-4.017986295,-3.090082915,-2.698786423,-2.856248061,-3.860707275,-3.004210927,-2.828841562,-3.458286537,-3.382800168,-3.004210927,-2.828841562,-3.458286537,-3.004210927,-2.828841562,-3.458286537,-3.360618324,-3.756197898,-4.017986295
91,-3.756197898,-2.425931919,-2.753679535,-4.017986295,-3.090082915,-2.698786423,-2.856248061,-3.860707275,-3.004210927,-3.136588344,-3.458286537,-3.382800168,-3.004210927,-3.136588344,-3.458286537,-3.004210927,-3.136588344,-3.458286537,-3.360618324,-3.756197898,-4.017986295
92,-3.756197898,-2.425931919,-2.753679535,-4.017986295,-3.090082915,-2.698786423,-2.856248061,-3.860707275,-3.004210927,-3.136588344,-3.458286537,-3.382800168,-3.004210927,-3.136588344,-3.458286537,-3.004210927,-3.136588344,-3.458286537,-3.360618324,-3.756197898,-4.017986295
93,-3.756197898,-2.425931919,-2.753679535,-4.017986295,-3.090082915,-2.698786423,-2.856248061,-3.860707275,-3.004210927,-3.136588344,-3.458286537,-3.382800168,-3.004210927,-3.136588344,-3.458286537,-3.004210927,-3.136588344,-3.458286537,-3.360618324,-3.756197898,-4.017986295
94,-3.756197898,-2.425931919,-2.753679535,-4.017986295,-3.090082915,-2.698786423,-2.856248061,-3.860707275,-3.004210927,-3.136588344,-3.458286537,-3.382800168,-3.004210927,-3.136588344,-3.458286537,-3.004210927,-3.136588344,-3.458286537,-3.360618324,-3.756197898,-4.017986295
95,-3.756197898,-2.425931919,-2.753679535,-4.017986295,-3.090082915,-2.698786423,-2.856248061,-3.860707275,-3.004210927,-3.136588344,-3.458286537,-3.382800168,-3.004210927,-3.136588344,-3.458286537,-3.004210927,-3.136588344,-3.458286537,-3.360618324,-3.756197898,-4.017986295
96,-3.756197898,-2.425931919,-2.753679535,-4.017986295,-3.090082915,-2.698786423,-2.856248061,-3.860707275,-3.004210927,-3.136588344,-3.458286537,-3.382800168,-3.004210927,-3.136588344,-3.458286537,-3.004210927,-3.136588344,-3.458286537,-3.360618324,-3.756197898,-4.017986295
97,-3.756197898,-2.425931919,-2.753679535,-4.017986295,-4.154602257,-2.698786423,-2.856248061,-3.860707275,-3.004210927,-3.136588344,-3.458286537,-3.382800168,-3.004210927,-3.136588344,-3.458286537,-3.004210927,-3.136588344,-3.458286537,-3.360618324,-3.756197898,-4.017986295
98,-3.756197898,-2.425931919,-2.753679535,-4.017986295,-4.154602257,-2.698786423,-2.856248061,-3.860707275,-3.004210927,-3.136588344,-3.458286537,-3.382800168,-3.004210927,-3.136588344,-3.458286537,-3.004210927,-3.136588344,-3.458286537,-3.360618324,-3.756197898,-4.017986295
99,-3.756197898,-2.425931919,-2.753679535,-4.017986295,-4.154602257,-2.698786423,-2.856248061,-3.860707275,-3.004210927,-3.136588344,-3.458286537,-3.382800168,-3.004210927,-3.136588344,-3.458286537,-3.004210927,-3.136588344,-3.458286537,-3.360618324,-3.756197898,-4.017986295
100,-3.756197898,-2.425931919,-2.753679535,-4.017986295,-4.154602257,-2.698786423,-2.856248061,-3.860707275,-3.004210927,-3.136588344,-3.458286537,-3.382800168,-3.004210927,-3.136588344,-3.458286537,-3.004210927,-3.136588344,-3.458286537,-3.360618324,-3.756197898,-4.017986295
101,-3.756197898,-2.425931919,-2.753679535,-4.017986295,-4.154602257,-2.698786423,-2.856248061,-3.860707275,-3.004210927,-3.136588344,-3.458286537,-3.382800168,-3.004210927,-3.136588344,-3.458286537,-3.004210927,-3.136588344,-3.458286537,-3.360618324,-3.756197898,-4.017986295
102,-3.756197898,-2.425931919,-2.753679535,-4.017986295,-4.154602257,-2.698786423,-2.856248061,-3.860707275,-3.004210927,-3.136588344,-3.458286537,-3.382800168,-3.004210927,-3.136588344,-3.458286537,-3.004210927,-3.136588344,-3.458286537,-3.360618324,-3.756197898,-4.017986295
103,-3.756197898,-2.425931919,-2.753679535,-4.017986295,-4.154602257,-2.698786423,-2.856248061,-3.860707275,-3.004210927,-3.136588344,-3.458286537,-3.382800168,-3.004210927,-3.136588344,-3.458286537,-3.004210927,-3.136588344,-3.458286537,-3.360618324,-3.756197898,-4.017986295
104,-3.756197898,-2.425931919,-2.753679535,-4.017986295,-4.154602257,-2.698786423,-2.856248061,-3.860707275,-3.004210927,-3.136588344,-3.458286537,-3.382800168,-3.004210927,-3.136588344,-3.458286537,-3.004210927,-3.136588344,-3.458286537,-3.360618324,-3.756197898,-4.017986295
105,-3.756197898,-2.425931919,-2.753679535,-4.017986295,-4.154602257,-2.698786423,-2.856248061,-3.860707275,-3.004210927,-3.136588344,-3.458286537,-3.382800168,-3.004210927,-3.136588344,-3.458286537,-3.004210927,-3.136588344,-3.458286537,-3.360618324,-3.756197898,-4.017986295
106,-3.756197898,-2.425931919,-2.753679535,-4.017986295,-4.154602257,-2.698786423,-2.856248061,-3.860707275,-3.004210927,-3.136588344,-3.458286537,-3.382800168,-3.004210927,-3.136588344,-3.458286537,-3.004210927,-3.136588344,-3.458286537,-3.360618324,-3.756197898,-4.017986295
107,-3.756197898,-2.425931919,-2.753679535,-4.017986295,-4.154602257,-2.698786423,-2.856248061,-3.860707275,-3.004210927,-3.136588344,-3.458286537,-3.382800168,-3.004210927,-3.136588344,-3.458286537,-3.004210927,-3.136588344,-3.458286537,-3.360618324,-3.756197898,-4.017986295
108,-3.756197898,-2.425931919,-2.753679535,-4.017986295,-4.154602257,-2.698786423,-2.856248061,-3.860707275,-3.004210927,-3.136588344,-3.458286537,-3.382800168,-3.004210927,-3.136588344,-3.458286537,-3.004210927,-3.136588344,-3.458286537,-3.360618324,-3.756197898,-4.017986295
109,-3.756197898,-2.425931919,-2.753679535,-4.017986295,-4.154602257,-2.698786423,-2.856248061,-3.860707275,-3.004210927,-3.136588344,-3.458286537,-3.382800168,-3.004210927,-3.136588344,-3.458286537,-3.004210927,-3.136588344,-3.458286537,-3.360618324,-3.756197898,-4.017986295
110,-3.756197898,-2.425931919,-2.753679535,-4.017986295,-4.154602257,-2.698786423,-2.856248061,-3.860707275,-3.004210927,-3.136588344,-3.458286537,-3.382800168,-3.004210927,-3.136588344,-3.458286537,-3.004210927,-3.136588344,-3.458286537,-3.360618324,-3.756197898,-4.017986295
111,-3.756197898,-2.425931919,-2.753679535,-4.017986295,-4.154602257,-2.698786423,-2.856248061,-3.860707275,-3.004210927,-3.136588344,-3.458286537,-3.382800168,-3.004210927,-3.136588344,-3.458286537,-3.004210927,-3.136588344,-3.458286537,-3.360618324,-3.756197898,-4.017986295
112,-3.756197898,-2.425931919,-2.753679535,-4.017986295,-4.154602257,-2.698786423,-2.856248061,-3.860707275,-3.004210927,-3.136588344,-3.458286537,-3.382800168,-3.004210927,-3.136588344,-3.458286537,-3.004210927,-3.136588344,-3.458286537,-3.360618324,-3.756197898,-4.017986295
113,-3.756197898,-2.425931919,-2.753679535,-4.017986295,-4.154602257,-2.698786423,-2.856248061,-3.860707275,-3.004210927,-3.136588344,-3.458286537,-3.382800168,-3.004210927,-3.136588344,-3.458286537,-3.004210927,-3.136588344,-3.458286537,-3.360618324,-3.756197898,-4.017986295
114,-3.756197898,-2.425931919,-2.753679535,-4.017986295,-4.154602257,-2.698786423,-2.856248061,-3.860707275,-3.004210927,-3.136588344,-3.458286537,-3.382800168,-3.004210927,-3.136588344,-3.458286537,-3.004210927,-3.136588344,-3.458286537,-3.360618324,-3.756197898,-4.017986295
115,-3.756197898,-2.425931919,-2.753679535,-4.017986295,-4.154602257,-2.698786423,-2.856248061,-3.860707275,-3.004210927,-3.136588344,-3.458286537,-3.382800168,-3.004210927,-3.136588344,-3.458286537,-3.004210927,-3.136588344,-3.458286537,-3.360618324,-3.756197898,-4.017986295
116,-3.756197898,-2.425931919,-2.753679535,-4.017986295,-4.154602257,-2.698786423,-2.856248061,-3.860707275,-3.004210927,-3.136588344,-3.458286537,-3.382800168,-3.004210927,-3.136588344,-3.458286537,-3.004210927,-3.136588344,-3.458286537,-3.360618324,-3.756197898,-4.017986295
117,-3.756197898,-2.425931919,-2.753679535,-4.017986295,-4.154602257,-2.698786423,-2.856248061,-3.860707275,-3.004210927,-3.136588344,-3.458286537,-3.382800168,-3.004210927,-3.136588344,-3.458286537,-3.004210927,-3.136588344,-3.458286537,-3.360618324,-3.756197898,-4.017986295
118,-3.756197898,-2.425931919,-2.753679535,-4.017986295,-4.154602257,-2.698786423,-2.856248061,-3.860707275,-3.004210927,-3.136588344,-3.458286537,-3.382800168,-3.004210927,-3.136588344,-3.458286537,-3.004210927,-3.136588344,-3.458286537,-3.360618324,-3.756197898,-4.017986295
119,-3.756197898,-2.425931919,-2.753679535,-4.017986295,-4.154602257,-2.698786423,-2.856248061,-3.860707275,-3.004210927,-3.136588344,-3.458286537,-3.382800168,-3.004210927,-3.136588344,-3.458286537,-3.004210927,-3.136588344,-3.458286537,-3.360618324,-3.756197898,-4.017986295
120,-3.756197898,-2.425931919,-2.753679535,-4.017986295,-4.154602257,-2.698786423,-2.856248061,-3.860707275,-3.004210927,-3.136588344,-3.458286537,-3.382800168,-3.004210927,-3.136588344,-3.458286537,-3.004210927,-3.136588344,-3.458286537,-3.360618324,-3.756197898,-4.017986295
121,-3.756197898,-2.425931919,-2.753679535,-4.017986295,-4.154602257,-2.698786423,-2.856248061,-3.860707275,-3.004210927,-3.136588344,-3.458286537,-3.382800168,-3.004210927,-3.136588344,-3.458286537,-3.004210927,-3.136588344,-3.458286537,-3.360618324,-3.756197898,-4.017986295
122,-3.756197898,-2.425931919,-2.753679535,-4.017986295,-4.154602257,-2.698786423,-2.856248061,-4.154602257,-3.004210927,-3.136588344,-3.458286537,-3.382800168,-3.004210927,-3.136588344,-3.458286537,-3.004210927,-3.136588344,-3.458286537,-3.360618324,-3.756197898,-4.017986295
123,-3.756197898,-2.425931919,-2.753679535,-4.017986295,-4.154602257,-2.698786423,-2.856248061,-4.154602257,-3.004210927,-3.136588344,-3.458286537,-3.382800168,-3.004210927,-3.136588344,-3.458286537,-3.004210927,-3.136588344,-3.458286537,-3.360618324,-3.756197898,-4.017986295
124,-3.756197898,-2.425931919,-2.753679535,-4.017986295,-4.154602257,-2.698786423,-2.856248061,-4.154602257,-3.004210927,-3.136588344,-3.458286537,-3.382800168,-3.004210927,-3.136588344,-3.458286537,-3.004210927,-3.136588344,-3.458286537,-3.360618324,-3.756197898,-4.017986295
125,-3.756197898,-2.425931919,-2.753679535,-4.017986295,-4.154602257,-2.698786423,-2.856248061,-4.154602257,-3.004210927,-3.136588344,-3.458286537,-3.382800168,-3.004210927,-3.136588344,-3.458286537,-3.004210927,-3.136588344,-3.458286537,-3.360618324,-3.756197898,-4.017986295
126,-3.756197898,-2.425931919,-4.017986295,-4.017986295,-4.154602257,-2.698786423,-2.856248061,-4.154602257,-3.004210927,-3.136588344,-3.458286537,-3.382800168,-3.004210927,-3.136588344,-3.458286537,-3.004210927,-3.136588344,-3.458286537,-3.360618324,-3.756197898,-4.017986295
127,-3.756197898,-2.425931919,-4.017986295,-4.017986295,-4.154602257,-2.698786423,-2.856248061,-4.154602257,-3.004210927,-3.136588344,-3.458286537,-3.382800168,-3.004210927,-3.136588344,-3.458286537,-3.004210927,-3.136588344,-3.458286537,-3.360618324,-3.756197898,-4.017986295
128,-3.756197898,-2.425931919,-4.017986295,-4.017986295,-4.154602257,-2.698786423,-2.856248061,-4.154602257,-3.004210927,-3.136588344,-3.458286537,-3.382800168,-3.004210927,-3.136588344,-3.458286537,-3.004210927,-3.136588344,-3.458286537,-3.360618324,-3.756197898,-4.017986295
129,-3.756197898,-2.425931919,-4.017986295,-4.017986295,-4.154602257,-2.698786423,-2.856248061,-4.154602257,-3.004210927,-3.136588344,-3.458286537,-3.382800168,-3.004210927,-3.136588344,-3.458286537,-3.004210927,-3.136588344,-3.458286537,-3.360618324,-3.756197898,-4.017986295
130,-3.756197898,-2.425931919,-4.017986295,-4.017986295,-4.154602257,-2.698786423,-2.856248061,-4.154602257,-3.004210927,-3.136588344,-3.458286537,-3.382800168,-3.004210927,-3.136588344,-3.458286537,-3.004210927,-3.136588344,-3.458286537,-3.360618324,-3.756197898,-4.017986295
131,-3.756197898,-2.425931919,-4.017986295,-4.017986295,-4.154602257,-2.698786423,-2.856248061,-4.154602257,-3.004210927,-3.136588344,-3.458286537,-3.382800168,-3.004210927,-3.136588344,-3.458286537,-3.004210927,-3.136588344,-3.458286537,-3.360618324,-3.756197898,-4.017986295
132,-3.756197898,-2.425931919,-4.017986295,-4.017986295,-4.154602257,-2.698786423,-2.856248061,-4.154602257,-3.004210927,-3.136588344,-3.458286537,-3.382800168,-3.004210927,-3.136588344,-3.458286537,-3.004210927,-3.136588344,-3.458286537,-3.360618324,-3.756197898,-4.017986295
133,-3.756197898,-2.425931919,-4.017986295,-4.017986295,-4.154602257,-2.698786423,-2.856248061,-4.154602257,-3.004210927,-3.136588344,-3.458286537,-3.382800168,-3.004210927,-3.136588344,-3.458286537,-3.004210927,-3.136588344,-3.458286537,-3.360618324,-3.756197898,-4.017986295
134,-3.756197898,-2.425931919,-4.017986295,-4.154602257,-4.154602257,-2.698786423,-2.856248061,-4.154602257,-3.004210927,-3.136588344,-3.458286537,-3.382800168,-3.004210927,-3.136588344,-3.458286537,-3.004210927,-3.136588344,-3.458286537,-3.360618324,-3.756197898,-4.017986295
135,-3.756197898,-2.425931919,-4.017986295,-4.154602257,-4.154602257,-2.698786423,-2.856248061,-4.154602257,-3.004210927,-3.136588344,-3.458286537,-3.382800168,-3.004210927,-3.136588344,-3.458286537,-3.004210927,-3.136588344,-3.458286537,-3.360618324,-3.756197898,-4.017986295
136,-3.756197898,-2.425931919,-4.017986295,-4.154602257,-4.154602257,-2.698786423,-2.856248061,-4.154602257,-3.309094763,-3.136588344,-3.458286537,-3.382800168,-3.309094763,-3.136588344,-3.458286537,-3.309094763,-3.136588344,-3.458286537,-3.360618324,-3.756197898,-4.017986295
137,-3.756197898,-2.425931919,-4.017986295,-4.154602257,-4.154602257,-2.698786423,-2.856248061,-4.154602257,-3.309094763,-3.136588344,-3.458286537,-3.382800168,-3.309094763,-3.136588344,-3.458286537,-3.309094763,-3.136588344,-3.458286537,-3.360618324,-3.756197898,-4.017986295
138,-3.756197898,-2.425931919,-4.017986295,-4.154602257,-4.154602257,-2.698786423,-2.856248061,-4.154602257,-3.309094763,-3.136588344,-3.458286537,-3.382800168,-3.309094763,-3.136588344,-3.458286537,-3.309094763,-3.136588344,-3.458286537,-3.360618324,-3.756197898,-4.017986295
139,-3.756197898,-2.425931919,-4.017986295,-4.154602257,-4.154602257,-2.698786423,-2.856248061,-4.154602257,-3.309094763,-3.136588344,-3.458286537,-3.382800168,-3.309094763,-3.136588344,-3.458286537,-3.309094763,-3.136588344,-3.458286537,-3.360618324,-3.756197898,-4.017986295
140,-3.756197898,-2.425931919,-4.017986295,-4.154602257,-4.154602257,-2.698786423,-2.856248061,-4.154602257,-3.309094763,-3.136588344,-3.458286537,-3.382800168,-3.309094763,-3.136588344,-3.458286537,-3.309094763,-3.136588344,-3.458286537,-3.360618324,-3.756197898,-4.017986295
141,-3.756197898,-2.425931919,-4.017986295,-4.154602257,-4.154602257,-2.698786423,-2.856248061,-4.154602257,-3.309094763,-3.136588344,-3.458286537,-3.382800168,-3.309094763,-3.136588344,-3.458286537,-3.309094763,-3.136588344,-3.458286537,-3.360618324,-3.756197898,-4.017986295
142,-3.756197898,-2.425931919,-4.017986295,-4.154602257,-4.154602257,-2.698786423,-2.856248061,-4.154602257,-3.309094763,-3.136588344,-3.458286537,-3.382800168,-3.309094763,-3.136588344,-3.458286537,-3.309094763,-3.136588344,-3.458286537,,-3.756197898,-4.017986295
143,-3.756197898,-2.425931919,-4.017986295,-4.154602257,-4.154602257,-2.698786423,-2.856248061,-4.154602257,-3.309094763,-3.136588344,-3.458286537,-3.382800168,-3.309094763,-3.136588344,-3.458286537,-3.309094763,-3.136588344,-3.458286537,,-3.942179637,-4.017986295
144,-3.756197898,-2.425931919,-4.017986295,-4.154602257,-4.154602257,-2.698786423,-2.856248061,-4.154602257,-3.309094763,-3.136588344,-3.458286537,-3.382800168,-3.309094763,-3.136588344,-3.458286537,-3.309094763,-3.136588344,-3.458286537,,-3.942179637,-4.017986295
145,-3.756197898,-2.425931919,-4.017986295,-4.154602257,-4.154602257,-2.730327098,-2.856248061,-4.154602257,-3.309094763,-3.136588344,-3.458286537,-3.382800168,-3.309094763,-3.136588344,-3.458286537,-3.309094763,-3.136588344,-3.458286537,,-3.942179637,-4.017986295
146,-3.756197898,-2.425931919,-4.017986295,-4.154602257,-4.154602257,-2.730327098,-2.856248061,-4.154602257,-3.309094763,-3.136588344,-3.458286537,-3.382800168,-3.309094763,-3.136588344,-3.458286537,-3.309094763,-3.136588344,-3.458286537,,-3.942179637,-4.017986295
147,-3.756197898,-2.425931919,-4.017986295,-4.154602257,-4.154602257,-2.730327098,-2.856248061,-4.154602257,-3.309094763,-3.136588344,-3.458286537,-3.382800168,-3.309094763,-3.136588344,-3.458286537,-3.309094763,-3.136588344,-3.458286537,,-3.942179637,-4.017986295
148,-3.756197898,-2.425931919,-4.017986295,-4.154602257,-4.154602257,-2.730327098,-2.856248061,-4.154602257,-3.309094763,-3.136588344,-3.458286537,-3.382800168,-3.309094763,-3.136588344,-3.458286537,-3.309094763,-3.136588344,-3.458286537,,-3.942179637,-4.017986295
,-3.756197898,-2.425931919,-4.017986295,-4.154602257,-4.154602257,-2.730327098,-2.856248061,-4.154602257,-3.309094763,-3.136588344,-3.458286537,-3.382800168,-3.309094763,-3.136588344,-3.458286537,-3.309094763,-3.136588344,-3.458286537,,-3.942179637,-4.017986295
,-3.756197898,-2.425931919,-4.017986295,-4.154602257,-4.154602257,-2.730327098,-2.856248061,-4.154602257,-3.309094763,-3.136588344,-3.458286537,-3.382800168,-3.309094763,-3.136588344,-3.458286537,-3.309094763,-3.136588344,-3.458286537,,,-4.017986295
,,,,,,,,,,,,,-3.309094763,-3.136588344,-3.458286537,-3.309094763,-3.136588344,-3.458286537,,,-4.017986295
,,,,,,,,,,,,,-3.309094763,-3.136588344,-3.458286537,-3.309094763,-3.136588344,-3.458286537,,,-4.017986295
,,,,,,,,,,,,,-3.309094763,-3.136588344,-3.458286537,-3.309094763,-3.136588344,-3.458286537,,,-4.017986295
,,,,,,,,,,,,,-3.309094763,-3.136588344,-3.458286537,-3.309094763,-3.136588344,-3.458286537,,,-4.017986295
,,,,,,,,,,,,,-3.309094763,-3.136588344,-3.458286537,-3.309094763,-3.136588344,-3.458286537,,,-4.017986295
,,,,,,,,,,,,,-3.309094763,-3.136588344,-3.458286537,-3.309094763,-3.136588344,-3.458286537,,,-4.017986295
,,,,,,,,,,,,,-3.309094763,-3.136588344,-3.458286537,-3.309094763,-3.136588344,-3.458286537,,,-4.017986295
,,,,,,,,,,,,,-3.309094763,-3.136588344,-3.458286537,-3.309094763,-3.136588344,-3.458286537,,,-4.017986295
,,,,,,,,,,,,,-3.309094763,-3.136588344,-3.458286537,-3.309094763,-3.136588344,-3.458286537,,,-4.017986295
,,,,,,,,,,,,,-3.309094763,-3.136588344,-3.458286537,-3.309094763,-3.136588344,-3.458286537,,,-4.017986295
,,,,,,,,,,,,,-3.309094763,-3.136588344,-3.458286537,-3.309094763,-3.136588344,-3.458286537,,,-4.017986295
,,,,,,,,,,,,,-3.309094763,-3.136588344,-3.458286537,-3.309094763,-3.136588344,-3.458286537,,,-4.017986295
,,,,,,,,,,,,,-3.309094763,-3.136588344,-3.458286537,-3.309094763,-3.136588344,-3.458286537,,,-4.017986295
,,,,,,,,,,,,,-3.309094763,-3.136588344,-3.458286537,-3.309094763,-3.136588344,-3.458286537,,,-4.017986295
,,,,,,,,,,,,,-3.309094763,-3.136588344,-3.458286537,-3.309094763,-3.136588344,-3.458286537,,,-4.017986295
,,,,,,,,,,,,,-3.309094763,-3.136588344,-3.458286537,-3.309094763,-3.136588344,-3.458286537,,,-4.017986295
,,,,,,,,,,,,,-3.309094763,-3.136588344,-3.458286537,-3.309094763,-3.136588344,-3.458286537,,,-4.017986295
,,,,,,,,,,,,,-3.309094763,-3.136588344,-3.458286537,-3.309094763,-3.136588344,-3.458286537,,,-4.017986295
,,,,,,,,,,,,,-3.309094763,-3.136588344,-3.458286537,-3.309094763,-3.136588344,-3.458286537,,,-4.017986295
,,,,,,,,,,,,,-3.309094763,-3.136588344,-3.458286537,-3.309094763,-3.136588344,-3.458286537,,,-4.017986295
,,,,,,,,,,,,,-3.309094763,-3.136588344,-3.458286537,-3.309094763,-3.136588344,-3.458286537,,,-4.017986295
,,,,,,,,,,,,,-3.309094763,-3.136588344,-3.458286537,-3.309094763,-3.136588344,-3.458286537,,,-4.017986295
,,,,,,,,,,,,,-3.309094763,-3.136588344,-3.458286537,-3.309094763,-3.136588344,-3.458286537,,,-4.017986295
,,,,,,,,,,,,,-3.309094763,-3.136588344,-3.458286537,-3.309094763,-3.136588344,-3.458286537,,,-4.017986295
,,,,,,,,,,,,,-3.309094763,-3.136588344,-3.458286537,-3.309094763,-3.136588344,-3.458286537,,,-4.017986295
,,,,,,,,,,,,,-3.309094763,-3.2386894,-3.458286537,-3.309094763,-3.2386894,-3.458286537,,,-4.017986295
,,,,,,,,,,,,,-3.309094763,-3.2386894,-3.458286537,-3.309094763,-3.2386894,-3.458286537,,,-4.017986295
,,,,,,,,,,,,,-3.309094763,-3.2386894,-3.458286537,-3.309094763,-3.2386894,-3.458286537,,,-4.017986295
,,,,,,,,,,,,,-3.309094763,-3.2386894,-3.458286537,-3.309094763,-3.2386894,-3.458286537,,,-4.017986295
,,,,,,,,,,,,,-3.309094763,-3.2386894,-3.458286537,-3.309094763,-3.2386894,-3.458286537,,,-4.017986295
,,,,,,,,,,,,,-3.309094763,-3.2386894,-3.458286537,-3.309094763,-3.2386894,-3.458286537,,,-4.017986295
,,,,,,,,,,,,,-3.309094763,-3.2386894,-3.458286537,-3.309094763,-3.2386894,-3.458286537,,,-4.017986295
,,,,,,,,,,,,,-3.309094763,-3.2386894,-3.458286537,-3.309094763,-3.2386894,-3.458286537,,,-4.017986295
,,,,,,,,,,,,,-3.309094763,-3.2386894,-3.458286537,-3.309094763,-3.2386894,-3.458286537,,,-4.017986295
,,,,,,,,,,,,,-3.309094763,-3.2386894,-3.458286537,-3.309094763,-3.2386894,-3.458286537,,,-4.017986295
,,,,,,,,,,,,,-3.309094763,-3.2386894,-3.458286537,-3.309094763,-3.2386894,-3.458286537,,,-4.017986295
,,,,,,,,,,,,,-3.309094763,-3.2386894,-3.458286537,-3.309094763,-3.2386894,-3.458286537,,,-4.017986295
,,,,,,,,,,,,,-3.309094763,-3.2386894,-3.458286537,-3.309094763,-3.2386894,-3.458286537,,,-4.017986295
,,,,,,,,,,,,,-3.309094763,-3.2386894,-3.458286537,-3.309094763,-3.2386894,-3.458286537,,,-4.017986295
,,,,,,,,,,,,,-3.309094763,-3.2386894,-3.458286537,-3.309094763,-3.2386894,-3.458286537,,,-4.017986295
,,,,,,,,,,,,,-3.309094763,-3.2386894,-3.458286537,-3.309094763,-3.2386894,-3.458286537,,,-4.017986295
,,,,,,,,,,,,,-3.309094763,-3.2386894,-3.458286537,-3.309094763,-3.2386894,-3.458286537,,,-4.017986295
,,,,,,,,,,,,,-3.309094763,-3.2386894,-3.458286537,-3.309094763,-3.2386894,-3.458286537,,,-4.017986295
,,,,,,,,,,,,,-3.309094763,-3.2386894,-3.458286537,-3.309094763,-3.2386894,-3.458286537,,,-4.017986295
,,,,,,,,,,,,,-3.309094763,-3.2386894,-3.458286537,-3.309094763,-3.2386894,-3.458286537,,,-4.017986295
,,,,,,,,,,,,,-3.309094763,-3.2386894,-3.458286537,-3.309094763,-3.2386894,-3.458286537,,,-4.017986295
,,,,,,,,,,,,,-3.309094763,-3.2386894,-3.458286537,-3.309094763,-3.2386894,-3.458286537,,,-4.017986295
,,,,,,,,,,,,,-3.309094763,-3.2386894,-3.458286537,-3.309094763,-3.2386894,-3.458286537,,,-4.017986295
,,,,,,,,,,,,,-3.309094763,-3.2386894,-3.458286537,-3.309094763,-3.2386894,-3.458286537,,,-4.017986295
,,,,,,,,,,,,,-3.309094763,-3.2386894,-3.458286537,-3.309094763,-3.2386894,-3.458286537,,,-4.017986295
,,,,,,,,,,,,,-3.309094763,-3.2386894,-3.458286537,-3.309094763,-3.2386894,-3.458286537,,,-4.017986295
,,,,,,,,,,,,,-3.309094763,-3.2386894,-3.458286537,-3.309094763,-3.2386894,-3.458286537,,,-4.017986295
,,,,,,,,,,,,,-3.309094763,-3.2386894,-3.458286537,-3.309094763,-3.2386894,-3.458286537,,,-4.017986295
,,,,,,,,,,,,,-3.309094763,-3.2386894,-3.458286537,-3.309094763,-3.2386894,-3.458286537,,,-4.017986295
,,,,,,,,,,,,,-3.309094763,-3.2386894,-3.458286537,-3.309094763,-3.2386894,-3.458286537,,,-4.017986295
,,,,,,,,,,,,,-3.309094763,-3.2386894,-3.458286537,-3.309094763,-3.2386894,-3.458286537,,,-4.017986295
,,,,,,,,,,,,,-3.309094763,-3.2386894,-3.458286537,-3.309094763,-3.2386894,-3.458286537,,,-4.017986295
,,,,,,,,,,,,,-3.309094763,-3.2386894,-3.458286537,-3.309094763,-3.2386894,-3.458286537,,,-4.017986295
,,,,,,,,,,,,,-3.309094763,-3.2386894,-3.458286537,-3.309094763,-3.2386894,-3.458286537,,,-4.017986295
,,,,,,,,,,,,,-3.309094763,-3.2386894,-3.458286537,-3.309094763,-3.2386894,-3.458286537,,,-4.017986295
,,,,,,,,,,,,,-3.309094763,-3.2386894,-3.458286537,-3.309094763,-3.2386894,-3.458286537,,,-4.017986295
,,,,,,,,,,,,,-3.309094763,-3.2386894,-3.458286537,-3.309094763,-3.2386894,-3.458286537,,,-4.017986295
,,,,,,,,,,,,,-3.309094763,-3.2386894,-3.458286537,-3.309094763,-3.2386894,-3.458286537,,,-4.017986295
,,,,,,,,,,,,,-3.309094763,-3.2386894,-3.458286537,-3.309094763,-3.2386894,-3.458286537,,,-4.017986295
,,,,,,,,,,,,,-3.309094763,-3.2386894,-3.458286537,-3.309094763,-3.2386894,-3.458286537,,,-4.017986295
,,,,,,,,,,,,,-3.309094763,-3.2386894,-3.458286537,-3.309094763,-3.2386894,-3.458286537,,,-4.017986295
,,,,,,,,,,,,,-3.309094763,-3.2386894,-3.458286537,-3.309094763,-3.2386894,-3.458286537,,,-4.017986295
,,,,,,,,,,,,,-3.309094763,-3.2386894,-3.458286537,-3.309094763,-3.2386894,-3.458286537,,,-4.017986295
,,,,,,,,,,,,,-3.309094763,-3.2386894,-3.458286537,-3.309094763,-3.2386894,-3.458286537,,,-4.017986295